# name: debug
# type: sparse matrix
# nnz: 612
# rows: 36
# columns: 36

1 1 -1170433.904855239
2 1 530631.846223876
3 1 -938177.900418989
4 1 -50154.602166243
5 1 22810.390004752
6 1 -40220.156644623
7 1 -0.125763669
8 1 -1.877233693
9 1 0.000000000
10 1 0.000000000
11 1 0.000000000
12 1 0.000000000
13 1 -0.856392102
14 1 -0.780550052
15 1 0.000000000
16 1 0.000000000
17 1 0.000000000
18 1 0.000000000
19 1 -0.785576293
20 1 -0.523362348
21 1 0.000000000
22 1 0.000000000
23 1 0.000000000
24 1 0.000000000
1 2 530814.611884201
2 2 -633572.714531181
3 2 578812.311408604
4 2 22707.763239361
5 2 -27106.547071906
6 2 24761.460773229
7 2 -0.461617402
8 2 -0.027225251
9 2 0.000000000
10 2 0.000000000
11 2 0.000000000
12 2 0.000000000
13 2 -0.218801754
14 2 0.061280119
15 2 0.000000000
16 2 0.000000000
17 2 0.000000000
18 2 0.000000000
19 2 -0.191333750
20 2 0.038334661
21 2 0.000000000
22 2 0.000000000
23 2 0.000000000
24 2 0.000000000
1 3 -938294.556652788
2 3 578694.311387931
3 3 -924973.220831703
4 3 -40148.208592830
5 3 24761.460504010
6 3 -39578.213233994
7 3 -0.000000222
8 3 -0.000000222
9 3 -0.959048698
10 3 0.000000000
11 3 0.000000000
12 3 0.000000000
13 3 -0.000000222
14 3 -0.000000444
15 3 -0.189575260
16 3 0.000000000
17 3 0.000000000
18 3 0.000000000
19 3 -0.000000444
20 3 0.000000222
21 3 -0.135393930
22 3 0.000000000
23 3 0.000000000
24 3 0.000000000
1 4 -50088.492739718
2 4 22707.763239361
3 4 -40148.208592830
4 4 -7646.158596700
4 4 -53385.898956849
5 4 3466.408046888
5 4 410388.161924258
6 4 -105339.315551645
6 4 -6128.744987939
7 4 0.027796343
7 4 203.143012723
8 4 -1231.508746242
8 4 0.000000000
9 4 354.888958041
9 4 0.000000000
10 4 0.000000000
11 4 0.000000000
12 4 0.000000000
13 4 -0.256029412
14 4 0.000000000
15 4 0.000000000
16 4 0.000000000
17 4 0.000000000
18 4 0.000000000
19 4 -0.202582911
20 4 0.000000000
21 4 0.000000000
22 4 0.000000000
23 4 0.000000000
24 4 0.000000000
25 4 0.605048275
26 4 -0.632703702
27 4 0.000000000
28 4 0.000000000
29 4 0.000000000
30 4 0.000000000
31 4 0.601625258
32 4 -0.568915412
33 4 0.000000000
34 4 0.000000000
35 4 0.000000000
36 4 0.000000000
1 5 22707.762456958
2 5 -27106.547071906
3 5 24761.460504011
4 5 410511.651200892
4 5 3466.408046888
5 5 -4137.896298519
5 5 -4416390.550079390
6 5 3779.911914226
6 5 999983.938796505
7 5 -2315.752230647
7 5 0.136177353
8 5 24913.636937328
8 5 0.000000000
9 5 -5641.052121401
9 5 0.000000000
10 5 0.000000000
11 5 0.000000000
12 5 0.000000000
13 5 0.970430565
14 5 0.000000000
15 5 0.000000000
16 5 0.000000000
17 5 0.000000000
18 5 0.000000000
19 5 0.979714614
20 5 0.000000000
21 5 0.000000000
22 5 0.000000000
23 5 0.000000000
24 5 0.000000000
25 5 0.106722922
26 5 0.124458973
27 5 0.000000000
28 5 0.000000000
29 5 0.000000000
30 5 0.000000000
31 5 -0.157259683
32 5 -0.190661876
33 5 0.000000000
34 5 0.000000000
35 5 0.000000000
36 5 0.000000000
1 6 -40148.208767390
2 6 24761.460773230
3 6 -39578.213233994
4 6 -105364.554625981
4 6 -6128.744987939
5 6 3779.911914226
5 6 999924.938788941
6 6 -6041.733805918
6 6 -237955.651293372
7 6 594.411773858
7 6 0.000000222
8 6 -5641.054930336
8 6 -0.283201264
9 6 1342.420964139
9 6 0.004771961
10 6 0.000000000
11 6 0.000000000
12 6 0.000000000
13 6 -0.000000222
14 6 -0.629847338
15 6 0.753228875
16 6 0.000000000
17 6 0.000000000
18 6 0.000000000
19 6 -0.000000222
20 6 -0.524915932
21 6 0.840316553
22 6 0.000000000
23 6 0.000000000
24 6 0.000000000
25 6 -0.000000222
26 6 -0.000000222
27 6 0.166091821
28 6 0.000000000
29 6 0.000000000
30 6 0.000000000
31 6 0.000000222
32 6 0.000000000
33 6 -0.254813747
34 6 0.000000000
35 6 0.000000000
36 6 0.000000000
1 7 -0.125763669
2 7 -0.461617402
3 7 -0.000000222
4 7 0.027796343
4 7 301.393215022
5 7 0.136177353
5 7 -2315.752230647
6 7 0.000000222
6 7 594.411773858
7 7 -3.953767828
7 7 1.007636500
8 7 30.379648030
8 7 -0.297162889
9 7 0.070661399
9 7 -7.797911267
10 7 0.000000063
11 7 0.000000213
12 7 -0.000000001
25 7 0.138359619
26 7 0.000000000
27 7 0.000000000
28 7 0.000000000
29 7 0.000000000
30 7 0.000000000
31 7 -0.232441432
32 7 0.000000000
33 7 0.000000000
34 7 0.000000000
35 7 0.000000000
36 7 0.000000000
1 8 -1.877233693
2 8 -0.027225251
3 8 -0.000000222
4 8 -2315.747301897
4 8 0.000000000
5 8 0.000000000
5 8 24913.636937328
6 8 -0.283201264
6 8 -5641.054930336
7 8 30.379648030
7 8 -0.297162889
8 8 -326.834926091
8 8 0.087789397
9 8 74.003337693
9 8 -0.015617619
10 8 -0.000000063
11 8 -0.000000213
12 8 0.000000001
25 8 -0.970855418
26 8 0.000000000
27 8 0.000000000
28 8 0.000000000
29 8 0.000000000
30 8 0.000000000
31 8 -0.937884500
32 8 0.000000000
33 8 0.000000000
34 8 0.000000000
35 8 0.000000000
36 8 0.000000000
1 9 0.000000000
2 9 0.000000000
3 9 -0.959048698
4 9 0.000000000
4 9 594.411438001
5 9 0.000000000
5 9 -5641.052121401
6 9 0.004771961
6 9 1342.420964139
7 9 0.070661399
7 9 -7.797911267
8 9 -0.015617619
8 9 74.003337693
9 9 1.054855633
9 9 -17.610707919
10 9 0.000000063
11 9 0.000000213
12 9 -0.000000001
25 9 -0.000000444
26 9 0.694292237
27 9 0.700265459
28 9 0.000000000
29 9 0.000000000
30 9 0.000000000
31 9 -0.000000222
32 9 0.610605173
33 9 0.749820934
34 9 0.000000000
35 9 0.000000000
36 9 0.000000000
1 10 0.000000000
2 10 0.000000000
3 10 0.000000000
4 10 0.000000000
5 10 0.000000000
6 10 0.000000000
7 10 0.000000063
8 10 -0.000000063
9 10 0.000000063
10 10 0.080319649
11 10 0.271603758
12 10 -0.001351425
1 11 0.000000000
2 11 0.000000000
3 11 0.000000000
4 11 0.000000000
5 11 0.000000000
6 11 0.000000000
7 11 0.000000213
8 11 -0.000000213
9 11 0.000000213
10 11 0.271603758
11 11 0.919890959
12 11 -0.004576542
1 12 0.000000000
2 12 0.000000000
3 12 0.000000000
4 12 0.000000000
5 12 0.000000000
6 12 0.000000000
7 12 -0.000000001
8 12 0.000000001
9 12 -0.000000001
10 12 -0.001351425
11 12 -0.004576542
12 12 0.000139479
1 13 -0.856392102
2 13 -0.218801754
3 13 -0.000000222
4 13 -0.256029412
5 13 0.970430565
6 13 -0.000000222
13 13 0.611119868
14 13 -0.118194476
15 13 0.481170841
16 13 0.000000140
17 13 0.000000042
18 13 -0.000000167
1 14 -0.780550052
2 14 0.061280119
3 14 -0.000000444
4 14 0.000000000
5 14 0.000000000
6 14 -0.629847338
13 14 -0.118194476
14 14 0.964367503
15 14 0.143852183
16 14 0.000000140
17 14 0.000000042
18 14 -0.000000167
1 15 0.000000000
2 15 0.000000000
3 15 -0.189575260
4 15 0.000000000
5 15 0.000000000
6 15 0.753228875
13 15 0.481170841
14 15 0.143852183
15 15 0.438675074
16 15 0.000000280
17 15 0.000000084
18 15 -0.000000335
1 16 0.000000000
2 16 0.000000000
3 16 0.000000000
4 16 0.000000000
5 16 0.000000000
6 16 0.000000000
13 16 0.000000140
14 16 0.000000140
15 16 0.000000280
16 16 0.396824310
17 16 0.119403453
18 16 -0.474419123
1 17 0.000000000
2 17 0.000000000
3 17 0.000000000
4 17 0.000000000
5 17 0.000000000
6 17 0.000000000
13 17 0.000000042
14 17 0.000000042
15 17 0.000000084
16 17 0.119403453
17 17 0.036055480
18 17 -0.142793536
1 18 0.000000000
2 18 0.000000000
3 18 0.000000000
4 18 0.000000000
5 18 0.000000000
6 18 0.000000000
13 18 -0.000000167
14 18 -0.000000167
15 18 -0.000000335
16 18 -0.474419123
17 18 -0.142793536
18 18 0.567470351
1 19 -0.785576293
2 19 -0.191333750
3 19 -0.000000444
4 19 -0.202582911
5 19 0.979714614
6 19 -0.000000222
19 19 0.725019854
20 19 -0.070995099
21 19 0.441382408
22 19 0.000000233
23 19 0.000000060
24 19 -0.000000373
1 20 -0.523362348
2 20 0.038334661
3 20 0.000000222
4 20 0.000000000
5 20 0.000000000
6 20 -0.524915932
19 20 -0.070995099
20 20 0.981798183
21 20 0.113822859
22 20 0.000000117
23 20 0.000000030
24 20 -0.000000187
1 21 0.000000000
2 21 0.000000000
3 21 -0.135393930
4 21 0.000000000
5 21 0.000000000
6 21 0.840316553
19 21 0.441382408
20 21 0.113822859
21 21 0.294172086
22 21 -0.000000117
23 21 -0.000000030
24 21 0.000000187
1 22 0.000000000
2 22 0.000000000
3 22 0.000000000
4 22 0.000000000
5 22 0.000000000
6 22 0.000000000
19 22 0.000000233
20 22 0.000000117
21 22 -0.000000117
22 22 0.275653397
23 22 0.071070419
24 22 -0.441095473
1 23 0.000000000
2 23 0.000000000
