# name: debug
# type: sparse matrix
# nnz: 1080
# rows: 63
# columns: 63

1 1 571732884722355926462365696.000000000
2 1 236266198132456672.000000000
3 1 236149781050088256.000000000
4 1 236266198132456672.000000000
5 1 236147240207178272.000000000
6 1 236030975744949504.000000000
16 1 236036141174571264.000000000
17 1 235817532785408928.000000000
18 1 235611055654673568.000000000
19 1 0.000000000
20 1 0.000000000
21 1 0.000000000
1 2 236149781050088256.000000000
2 2 571732884722001608840314880.000000000
3 2 235914862435997920.000000000
4 2 0.000000000
5 2 0.000000000
6 2 0.000000000
16 2 235917486838239200.000000000
17 2 235699174977837536.000000000
18 2 235492986407144576.000000000
19 2 0.000000000
20 2 0.000000000
21 2 0.000000000
1 3 0.000000000
2 3 0.000000000
3 3 571732884485970615936745472.000000000
4 3 0.000000000
5 3 0.000000000
6 3 0.000000000
16 3 235801523104163200.000000000
17 3 235583505207594624.000000000
18 3 235377602935890240.000000000
19 3 0.000000000
20 3 0.000000000
21 3 0.000000000
1 4 0.000000000
2 4 0.000000000
3 4 0.000000000
4 4 571732884762640795553497088.000000000
4 4 571732884485970615936745472.000000000
5 4 0.000000000
5 4 276535096220841856.000000000
6 4 276397903976716256.000000000
6 4 0.000000000
7 4 276535096220841856.000000000
8 4 276400080637249472.000000000
9 4 276262963685220736.000000000
16 4 235925359903493824.000000000
17 4 235712739129721600.000000000
18 4 235512559517608672.000000000
19 4 0.000000000
20 4 0.000000000
21 4 0.000000000
34 4 276258613231180864.000000000
35 4 275973770382347392.000000000
36 4 275680666016256768.000000000
37 4 0.000000000
38 4 0.000000000
39 4 0.000000000
1 5 0.000000000
2 5 0.000000000
3 5 0.000000000
4 5 276397903976716256.000000000
4 5 0.000000000
5 5 571732884762233563934359552.000000000
5 5 571732884485970615936745472.000000000
6 5 276125923064798368.000000000
6 5 0.000000000
7 5 0.000000000
8 5 0.000000000
9 5 0.000000000
16 5 235806854772642144.000000000
17 5 235594526652836128.000000000
18 5 235394631289553536.000000000
19 5 0.000000000
20 5 0.000000000
21 5 0.000000000
34 5 276123749252605472.000000000
35 5 275839062073134656.000000000
36 5 275546117388195392.000000000
37 5 0.000000000
38 5 0.000000000
39 5 0.000000000
1 6 0.000000000
2 6 0.000000000
3 6 0.000000000
4 6 0.000000000
4 6 0.000000000
5 6 0.000000000
5 6 0.000000000
6 6 571732884485970615936745472.000000000
6 6 571732884485970615936745472.000000000
7 6 0.000000000
8 6 0.000000000
9 6 0.000000000
16 6 235691038924048640.000000000
17 6 235479001044333056.000000000
18 6 235279387823332384.000000000
19 6 0.000000000
20 6 0.000000000
21 6 0.000000000
34 6 275986786000803520.000000000
35 6 275702256650409600.000000000
36 6 275409473870095008.000000000
37 6 0.000000000
38 6 0.000000000
39 6 0.000000000
4 7 0.000000000
5 7 0.000000000
6 7 0.000000000
7 7 571732884485970615936745472.000000000
7 7 571732886110933215629803520.000000000
8 7 0.000000000
8 7 1622191177127193344.000000000
9 7 1563606449400076288.000000000
9 7 0.000000000
10 7 1622191177127193344.000000000
10 7 213122955268034752.000000000
11 7 213042966305022464.000000000
11 7 1622546793286634240.000000000
12 7 1566718483460045824.000000000
12 7 212968946726669824.000000000
13 7 0.000000000
14 7 0.000000000
15 7 0.000000000
22 7 104343791285222608.000000000
23 7 -28679957866825888.000000000
24 7 -149851928923677952.000000000
25 7 0.000000000
26 7 0.000000000
27 7 0.000000000
28 7 221671680436533600.000000000
29 7 221639283054551264.000000000
30 7 221605442726921344.000000000
31 7 0.000000000
32 7 0.000000000
33 7 0.000000000
34 7 276117228362801952.000000000
35 7 275828247164462592.000000000
36 7 275531037126254720.000000000
37 7 0.000000000
38 7 0.000000000
39 7 0.000000000
40 7 255180945639400160.000000000
41 7 73118268559717952.000000000
42 7 -133358902393169248.000000000
43 7 0.000000000
44 7 0.000000000
45 7 0.000000000
46 7 221315769466032672.000000000
47 7 221318544374668352.000000000
48 7 221321216474264800.000000000
49 7 0.000000000
50 7 0.000000000
51 7 0.000000000
52 7 218889491977633248.000000000
53 7 219506427525731328.000000000
54 7 220185085588808736.000000000
55 7 0.000000000
56 7 0.000000000
57 7 0.000000000
58 7 220790979321202016.000000000
59 7 220973781550965920.000000000
60 7 221172515592002080.000000000
61 7 0.000000000
62 7 0.000000000
63 7 0.000000000
4 8 0.000000000
5 8 0.000000000
6 8 0.000000000
7 8 1563606449400076544.000000000
7 8 0.000000000
8 8 571732884485970615936745472.000000000
8 8 571732886052689129769009152.000000000
9 8 1519311372763451136.000000000
9 8 0.000000000
10 8 -0.000000000
10 8 213077799479421376.000000000
11 8 0.000000000
11 8 212997827828909568.000000000
12 8 -0.000000000
12 8 212923824297803456.000000000
13 8 0.000000000
14 8 0.000000000
15 8 0.000000000
22 8 94286851796645280.000000000
23 8 -25915699917238732.000000000
24 8 -135408782125553728.000000000
25 8 0.000000000
26 8 0.000000000
27 8 0.000000000
28 8 221656753455465696.000000000
29 8 221624358511968288.000000000
30 8 221590520719849344.000000000
31 8 0.000000000
32 8 0.000000000
33 8 0.000000000
34 8 275982441715262848.000000000
35 8 275693618196453824.000000000
36 8 275396569831343040.000000000
37 8 0.000000000
38 8 0.000000000
39 8 0.000000000
40 8 270230806360341440.000000000
41 8 77430814905426800.000000000
42 8 -141223676856382944.000000000
43 8 0.000000000
44 8 0.000000000
45 8 0.000000000
46 8 221317245596294208.000000000
47 8 221320020572038720.000000000
48 8 221322692738053952.000000000
49 8 0.000000000
50 8 0.000000000
51 8 0.000000000
52 8 219139902486459584.000000000
53 8 219757553207719104.000000000
54 8 220436996925250304.000000000
55 8 0.000000000
56 8 0.000000000
57 8 0.000000000
58 8 220867984725501056.000000000
59 8 221050854193889088.000000000
60 8 221249661012169696.000000000
61 8 0.000000000
62 8 0.000000000
63 8 0.000000000
4 9 0.000000000
5 9 0.000000000
6 9 0.000000000
7 9 -0.000000000
7 9 0.000000000
8 9 0.000000000
8 9 0.000000000
9 9 571732884485970615936745472.000000000
9 9 571732884485970615936745472.000000000
10 9 0.000000000
10 9 213034120968661824.000000000
11 9 212954166076235008.000000000
11 9 -0.000000000
12 9 212880178079413760.000000000
12 9 0.000000000
13 9 0.000000000
14 9 0.000000000
15 9 0.000000000
22 9 75339537083679456.000000000
23 9 -20707831757851616.000000000
24 9 -108197843342571936.000000000
25 9 0.000000000
26 9 0.000000000
27 9 0.000000000
28 9 221641463251630592.000000000
29 9 221609070799719264.000000000
30 9 221575235598599040.000000000
31 9 0.000000000
32 9 0.000000000
33 9 0.000000000
34 9 275845556866355136.000000000
35 9 275556893218727808.000000000
36 9 275260008781876544.000000000
37 9 0.000000000
38 9 0.000000000
39 9 0.000000000
40 9 254730506608655200.000000000
41 9 72989650847393984.000000000
42 9 -133122808702532624.000000000
43 9 0.000000000
44 9 0.000000000
45 9 0.000000000
46 9 221318696457165568.000000000
47 9 221321471499704672.000000000
48 9 221324143731837504.000000000
49 9 0.000000000
50 9 0.000000000
51 9 0.000000000
52 9 219407849933872064.000000000
53 9 220026265321638304.000000000
54 9 220706549167339968.000000000
55 9 0.000000000
56 9 0.000000000
57 9 0.000000000
58 9 220949202421230656.000000000
59 9 221132142624179104.000000000
60 9 221331026024278592.000000000
61 9 0.000000000
62 9 0.000000000
63 9 0.000000000
7 10 0.000000000
7 10 213122955268034752.000000000
8 10 213077799479421376.000000000
8 10 -0.000000000
9 10 213034120968661824.000000000
9 10 0.000000000
10 10 571732884485970615936745472.000000000
10 10 571732884698962510911373312.000000000
10 10 213082216697212096.000000000
10 10 213082216697212096.000000000
11 10 213037069722555840.000000000
11 10 0.000000000
11 10 212951209888433120.000000000
11 10 213005208487699392.000000000
12 10 -0.000000000
12 10 212911984175159488.000000000
12 10 212993399743378336.000000000
12 10 212934184349947008.000000000
13 10 212874250118783328.000000000
13 10 0.000000000
14 10 0.000000000
14 10 212838011198541600.000000000
